108
7 16 10 0 5 6
87 8 14 4 7 5
97 6 13 7 7 9
13 42 18 7 8 2
48 93 12 7 17 1
15 25 12 2 17 7
8 6 13 0 3 7
17 17 8 3 11 3
16 89 8 1 3 7
25 54 3 2 6 7
67 92 2 10 18 6
69 52 5 4 9 10
40 29 9 8 10 6
98 14 1 10 17 8
11 46 18 7 18 6
45 7 19 9 15 7
67 76 20 1 2 9
48 87 4 2 5 6
36 64 7 8 19 6
54 39 18 0 17 4
86 87 2 0 19 8
34 55 17 2 13 3
1 82 17 8 20 10
46 85 10 5 13 3
33 57 15 2 17 8
21 44 4 0 20 8
38 62 11 2 19 6
53 51 4 7 14 4
14 91 16 7 13 9
20 13 1 4 8 7
28 88 14 8 10 2
69 100 18 5 14 5
7 49 1 8 15 10
3 63 11 0 11 4
64 66 9 3 18 7
11 46 18 10 15 10
65 77 1 8 17 9
12 48 16 0 15 5
38 93 13 2 18 10
2 65 4 6 14 1
97 82 13 5 15 6
63 28 5 10 11 3
92 81 8 1 12 1
57 81 1 1 16 9
85 16 10 9 13 6
40 54 7 10 15 6
43 56 9 4 20 1
56 82 14 6 20 8
35 46 3 2 2 4
55 98 13 3 16 5
30 83 5 1 17 10
50 32 4 9 14 2
10 37 5 9 12 9
82 67 7 9 12 10
60 72 19 5 11 8
95 14 10 9 15 10
35 99 16 10 16 2
79 93 15 2 10 5
23 99 4 0 1 5
36 100 6 8 20 5
1 17 15 9 17 7
57 58 20 4 4 4
1 14 11 3 7 10
63 50 11 2 11 8
95 88 2 9 13 3
54 75 18 1 19 3
98 82 1 8 20 5
17 15 9 1 17 5
23 68 17 7 14 7
96 33 4 0 3 3
6 93 5 9 20 3
45 56 1 6 9 1
39 58 7 10 12 5
86 78 19 2 11 1
23 85 15 5 11 4
69 75 19 10 16 5
36 44 2 10 16 4
74 12 20 8 8 1
60 14 7 6 13 10
5 65 17 4 4 2
35 59 14 5 19 10
93 71 19 2 18 4
86 36 18 4 16 5
83 58 11 10 20 4
42 20 7 10 11 9
46 31 11 5 18 8
58 44 20 0 19 7
61 87 6 0 7 9
83 30 19 2 17 2
99 43 8 3 13 7
68 76 15 7 16 10
16 38 9 6 20 5
86 51 15 10 11 3
27 58 5 5 12 10
42 18 15 4 18 7
4 93 18 4 8 9
88 1 3 0 11 2
57 34 15 2 18 7
98 96 12 4 8 6
27 35 15 6 9 3
31 19 6 4 14 10
35 88 4 9 9 6
65 72 10 2 3 6
44 2 2 2 20 5
30 5 16 4 17 9
10 44 11 1 10 4
19 67 14 2 18 7
93 3 13 7 13 5
